Average_MRE: 35.030111
Average_MAE: 34.623222

PLAX_MRE: 24.830000
PLAX_MAE: 14.851000

FUGC_MRE: 13.786000
FUGC_MAE: 10.625000

HC_MRE: 45.199000
HC_MAE: 59.639000

FA_MRE: 28.379000
FA_MAE: 89.302000

IVC_MRE: 35.819000
IVC_MAE: 21.836000

PSAX_MRE: 82.289000
PSAX_MAE: 60.866000

A4C_MRE: 40.621000
A4C_MAE: 27.989000

fetal_femur_MRE: 27.378000
fetal_femur_MAE: 18.238000

AOP_MRE: 16.970000
AOP_MAE: 8.263000
